"GEN","Y","Y_R","CV","CV_R","ACV","ACV_R","POLAR","POLAR_R","Var","Var_R","Shukla","Shukla_R","Wi_g","Wi_g_R","Wi_f","Wi_f_R","Wi_u","Wi_u_R","Ecoval","Ecoval_R","bij","Sij","Sij_R","R2","R2_R","ASTAB","ASTAB_R","ASI","ASI_R","ASV","ASV_R","AVAMGE","AVAMGE_R","DA","DA_R","DZ","DZ_R","EV","EV_R","FA","FA_R","MASI","MASI_R","MASV","MASV_R","SIPC","SIPC_R","ZA","ZA_R","WAAS","WAAS_R","WAASB","WAASB_R","HMGV","HMGV_R","RPGV","RPGV_R","HMRPGV","HMRPGV_R","Pi_a","Pi_a_R","Pi_f","Pi_f_R","Pi_u","Pi_u_R","Gai","Gai_R","S1","S1_R","S2","S2_R","S3","S3_R","S6","S6_R","N1","N1_R","N2","N2_R","N3","N3_R","N4","N4_R"
"CL1",37.0858820921986,88,12.6545480585331,63,12.0978947443282,45,-0.00760527456889584,45,66.0741766538246,50,0.0761016860265141,20,94.8889342001399,82,96.0741768372659,80,95.2627496814524,70,11.4035229421485,20,1.00320827985237,0.0889006267540623,29,0.996414634777651,28,0.0410234620210231,20,0.0562762535841398,19,0.160372854269927,19,0.835631321424136,18,0.487415012723472,20,0.0879267579561216,21,0.00257703825489146,21,0.237573394628222,20,0.0592795478462122,17,0.370102048800424,22,0.338925399057239,26,0.0373238212292571,26,0.0981147586446793,24,0.244638068110027,73,36.6489129958461,87,0.964014572235635,87,0.963961280683588,87,15.6354244876154,88,14.0041189236111,86,17.2667300516196,87,36.8623716148914,87,0.1667,8,462,22,3.7901,43,0.8395,61,12.5,9,0.146198830409357,5,0.2196,9,0.002,7
"CL2",39.421875,27,13.0138070961361,79,13.4389162993525,93,0.0837036201879309,93,78.9595269097223,90,0.222394906801873,44,100.897099383924,18,101.229458632089,19,100.485342766879,23,32.0646270454809,44,1.09840477879026,-0.0122749288046492,6,0.999562447429656,6,0.10094018920482,42,0.103131694151368,46,0.293846663656238,46,1.29418541110377,43,0.817320661336595,44,0.126743542016739,40,0.00535464181431631,40,0.668013063447689,44,0.104782571855164,46,0.785629367521953,62,0.497221541176292,48,0.0582550630382069,46,0.154226189710193,45,0.343515566454165,93,38.9315376418073,28,1.02426265913862,28,1.02421584958404,28,5.26601345486111,26,3.907265625,18,6.62476128472222,29,39.1723689696234,28,6.3333,57,816.6667,42,2.1795,31,0.2821,28,20,40,0.816326530612245,78,0.9166,76,0.2346,79
"CL3",39.8645833333333,18,10.8591983350437,11,11.373169139828,19,-0.0612618820392604,19,56.2200520833334,15,0.116425318340372,26,101.546089716755,12,101.188719402264,20,102.460588444719,13,17.098460551995,26,0.926983509165971,-0.025822398897612,10,0.999867413787623,2,0.0546016202412691,28,0.0757168478667688,31,0.2157476075605,31,0.893314588896903,22,0.596839951885431,26,0.0944485218733887,27,0.00297350776135599,27,0.356217928166604,26,0.0772366740599189,30,0.546957029071681,42,0.382101444762711,30,0.0448748619516343,34,0.119252911300553,36,0.21473638661793,65,39.5093765369571,17,1.03763741011752,18,1.03750514980531,18,4.04584201388889,19,4.29368055555555,22,3.79800347222222,18,39.688878114201,18,5.3333,50,635.3333,33,1.5266,23,0.2012,18,18,32,0.9,81,1.0648,81,0.2602,81
"Extra",37.234375,82,12.7248713078197,65,12.2266605053709,52,0.0015908289206178,52,67.3466796875,54,0.0687637980552937,17,95.157865385553,78,96.5784965181112,75,94.050436871487,79,10.3671873794217,17,1.0130994112346,0.0728295459624647,25,0.996959643824505,25,0.0248022925319838,6,0.0820927578398792,36,0.234000750600103,36,0.891507442142605,21,0.464739787843287,17,0.0534761255674274,4,0.000953232001901089,4,0.215983070404623,17,0.0821065419187434,32,0.242212119518891,8,0.190586168522467,6,0.0313506270007129,13,0.0912285283159301,22,0.0654319995402811,9,36.7862394763877,81,0.967862387840248,82,0.967791777490468,82,14.77423828125,82,13.66625,85,15.8822265625,82,37.0060464265476,82,5,49,462.25,23,1.1354,17,0.4199,35,18.25,33.5,0.221212121212121,15,0.226,11,0.0607,35
"L001",41.8125,2,11.769463084513,36,13.0918598866061,85,0.06097781946252,85,72.651875,79,0.484261227167626,68,105.584212175036,2,105.934126845448,1,104.492854581824,7,69.0482089063616,68,1.04430447459567,0.625499848382881,82,0.981967450966292,80,0.202080286873766,66,0.181763634828192,69,0.518066086994097,69,2.32099255785741,74,1.19937665152189,68,0.176673704493365,69,0.0104045326198029,69,1.43850435221587,68,0.18421003066573,69,0.797504068188533,63,0.767110341823135,81,0.098145042997861,76,0.269491735027409,74,0.260743458379317,78,41.3746756859559,2,1.08716510879245,2,1.0869616169508,2,0.448437499999998,2,0.12625,2,0.770624999999997,3,41.6014495704849,2,13.6667,99,1714.9167,84,0.0467,2,0.0344,2,35.25,88.5,11.75,103,11.0349,103,4.2051,104
"L002",38.6375,39.5,11.3782764742111,25,11.4555390587345,21,-0.0549938170770368,21,57.981875,23,0.4269098786557,64,97.7149408084857,48,98.2650344563803,52,100.437851664649,24,60.9484338396038,64,0.933467173382402,0.460542442956414,72,0.983094998437421,75,0.294787087859452,82,0.027594990946663,6,0.078637934059893,6,2.08253101939588,67,1.12683585243152,64,0.262308708155133,98,0.0229352861246715,98,1.26975903832508,64,0.0722841342991924,28,0.564402760486189,44,0.631630748772145,62,0.0462715478340109,37,0.105727545924686,29,0.0996330966160896,31,38.2551763107057,38,1.00525619263347,40,1.00509479698927,40,8.1053125,39,9.518125,59,6.69249999999999,30,38.449888103914,40,12.9167,96,1698.3958,82,14.5107,77,0.8927,66,33.875,85,0.720744680851064,73,0.7634,71,0.2763,82
"L003",37.325,80,12.8611761772448,73,12.3956182979211,64,0.0135115108855727,64,69.1325,64,0.118821696348736,27,95.0266523055995,80,96.6790254529959,73,93.4991509699163,84,17.436902861483,27,1.02562320686327,0.130610328436683,35,0.995366586505106,38,0.0528439531800727,25,0.0892554178503514,41,0.254399950708124,41,0.913278602987626,24,0.60271785241042,27,0.0924416682069938,24,0.00284848734029731,24,0.363268809614229,27,0.0908643638122412,40,0.386551890690676,25,0.391030559631436,33,0.0488224090484998,40,0.133411553268805,40,0.116415631808455,36,36.8700339393051,80,0.970109962063904,80,0.970022698469506,80,14.21875,80,13.50625,83,14.93125,79,37.0913005856372,80,5.9167,54,496.5625,25,8.4947,61,0.963,71,15.625,23.5,0.188253012048193,10,0.2372,13,0.0727,40
"L004",37.1125,86,12.9094750907912,76,12.3527936895544,60,0.0105054982693614,60,68.861875,61,0.0684354858657214,16,95.0024331409897,81,94.522307493242,91,96.0577066852224,60,10.3208195963441,16,1.02468787245524,0.0580236438562679,17,0.997456559391185,18,0.0287198895734747,11,0.0695030485421256,29,0.198075272597729,29,0.820992557857433,16,0.463699336773131,16,0.0631628749410426,9,0.0013298495902726,9,0.215017074923841,16,0.0697908807308321,26,0.389063840430409,26,0.278494948539069,14,0.0376626886967539,27,0.104000155043747,28,0.0889237475532103,25,36.6727695708966,85,0.96470141700325,86,0.964654453713665,86,15.2603125,86,14.125,87,16.395625,83,36.8835083790813,86,5.5,52,338.25,11,25.2222,93,2,93,14.75,20,0.176646706586826,8,0.1831,4,0.0632,36
"L005",38.3375,52,13.0713181232153,81,13.031188714383,84,0.0569431904134935,84,75.336875,84,0.396626207485337,62,96.5771695155726,63,99.4671425793297,35,94.1668031992876,77,56.6714476650839,62,1.06679752567557,0.414836144173202,69,0.988202708303091,64,0.143066962106257,52,0.184189299934861,70,0.52500391450017,70,1.70574758359177,54,1.08657956896366,62,0.133938952214522,44,0.00597988097344132,44,1.18065515968925,62,0.184569624619141,70,0.654316756966304,50,0.575338335274884,58,0.0843293116836321,65,0.238989010466839,68,0.213970344620189,64,37.8452748142463,54,0.996072237479538,52,0.995882709941875,52,9.5240625,52,8.32,49,10.728125,55,38.086708167413,52,6.75,60,1250.0625,59,14.3192,75,0.8696,62.5,25.625,60,0.554054054054054,66,0.6078,62,0.134,60
"L006",40.825,10,10.9550899075632,13,11.823724203583,34,-0.0275162960253056,34,60.0074999999999,26,0.800499924128598,86,101.465988610555,13,102.948319821435,12,100.373180522659,25,113.710843338702,86,0.940547979821313,1.03932922199264,92,0.964375165678497,93,0.270965057506051,79,0.272963195235647,90,0.778069848073851,90,2.87099255785746,89,1.53914778461642,86,0.176322840473065,68,0.0103632480241634,68,2.36897590288963,86,0.273006533968868,90,0.780080898252576,60,0.573142291873513,56,0.0964917699218808,74,0.28278301097038,78,0.271689969818199,80,40.4530326034948,9,1.06243450843411,9,1.06197529966936,9,1.841875,9,1.680625,10,2.00312499999999,11,40.6477889289809,9,10.9167,86,1966.75,89,0.4309,5,0.0957,5,37.75,90,3.43181818181818,97,3.4915,97,0.9924,100
"L007",39.8125,20,10.2821151846125,4,10.7510104518873,4,-0.110126309792586,4,50.271875,5,0.902055288396649,89,98.6728185484874,36,102.066481279832,14,97.0388359188382,53,128.053585553791,89,0.863851900722394,0.698048755932832,85,0.971053470485687,88,0.32000949908824,86,0.274433957540642,91,0.782206136239096,91,2.74425241640825,87,1.63333494188138,89,0.196721668387233,77,0.0128998049376855,77,2.66778303237064,89,0.274435256876236,91,1.10289192322695,81,0.783823308339561,83,0.124789937340486,91,0.357849561957413,91,0.338391751349337,91,39.4866243606517,19,1.03671389483256,19,1.03621235337069,19,4.39531249999999,22,4.540625,23,4.24999999999999,22,39.6591249273202,19,3.25,33.5,1662.5,80,3.1173,40,0.3457,34,25.75,61,1.06185567010309,85,1.4713,86,0.1354,61
"L008",37.9125,65.5,12.9246654140328,77,12.7048912751998,75,0.0349170277362501,75,72.031875,75,0.319158871213401,50,95.7064492400163,72,97.5600758390898,63,93.7068895688041,82,45.7306761731372,50,1.04327860692011,0.385547690410357,66,0.988474627623063,63,0.109302889904374,44,0.172815474672925,63,0.49260281812593,63,1.77900744214257,59,0.976075007503874,50,0.112312058519307,34,0.00420466616294809,34,0.952722420273687,50,0.172867542712444,63,0.496212232091039,37,0.381010631506244,29,0.06279599588784,50,0.183240050323481,53,0.164998364379227,49,37.4364355359504,67,0.985206173272258,66,0.985038856877514,66,11.4853125,68,10.18,65,12.790625,70,37.6697763094028,66,8.75,74,1202.8958,56,16.6069,83,1.2254,83,29.625,73,0.479757085020243,58,0.4864,54,0.1417,64
"L009",37.8375,70.5,12.529956306529,57,12.2861361810761,56,0.00580577163542743,56,67.431875,55,0.0618032700050225,10,97.1071143153862,57,98.1918283516849,53,97.5930878344179,50,9.38414664863071,10,1.01390711845604,0.0618760573812423,21,0.997288360788955,20,0.0401899664602212,19,0.0349462452281152,9,0.0995867979633603,9,0.717468980604125,10,0.442157274258611,10,0.0932719409871212,25,0.00289988499183501,25,0.195503055179805,10,0.0415704391294911,5,0.280128015424742,11,0.299198265839057,17,0.0285002322826398,8,0.0718600087912162,6,0.0619098899387333,6,37.3995700763723,70,0.983628455483449,70,0.983595142146776,70,11.7196875,71,10.173125,63,13.26625,73,37.6147016671654,70,3.0833,31,364.4167,13,6.2228,50,0.6733,51,13,12.5,0.19047619047619,11,0.2463,14,0.0459,27
"L010",40.25,16,8.24006159094509,1,8.73555330249299,1,-0.290444041869974,1,33,1,2.21055628493659,104,97.4431611707407,50,99.7151213513397,32,101.090598920131,20,312.854187834349,104,0.702411179697139,0.332719419542774,60,0.978044313919773,83,1.07495468167612,104,0.324773033294361,98,0.925614933271957,98,4.33253101939588,103,2.55299737169514,104,0.442937087026535,104,0.0653977543545175,104,6.51779557988229,104,0.337682245022466,99,1.77596796499762,101,1.76413012959902,104,0.202571423538048,104,0.54044890572404,102,0.49875633402438,102,40.0125672039526,16,1.04960908119563,16,1.0484784067716,16,3.701875,17,5.88812499999999,31,1.515625,6,40.1495943968047,16,10.4167,83,2335.3958,95,9.1345,63,0.5614,45,39.375,94,2.38636363636364,94,2.1462,92,0.5342,93
"L011",40.6125,13,11.2407592195998,20,12.0523630904344,40,-0.0108804643581981,40,62.521875,34,1.327776069368,97,99.9818708766216,26,100.941085151879,22,98.3921537381935,44,188.178458927896,97,0.947908211249889,1.84188678445921,100,0.940134994824159,99,0.454119093560321,95,0.348523370438985,100,0.993447621427122,100,3.8209925578574,99,1.97999610125824,97,0.230932248858574,89,0.0177765678542928,89,3.92038456099784,97,0.348774134284551,100,1.02244111510535,77,0.848854755571657,90,0.134438047562746,95,0.38891053136434,95,0.368012480673967,95,40.2336150063211,12,1.05687988258076,12,1.05623579523543,12,2.3571875,15,2.053125,14,2.66125,14,40.4286263624544,12,14.6667,101.5,2865.5833,104,1.8182,27,0.2689,24,46.25,104,3.49056603773585,98,3.3412,96,1.0571,101
"L012",41.65,3,10.0089623554719,3,11.0789455904809,11,-0.0840280188868739,11,52.135,7,0.591034677456952,74,103.563569904206,7,104.860660961182,5,102.386840603502,14,84.1279054241501,74,0.885086821434099,0.414866918441953,70,0.982951325626822,76,0.223704114294861,70,0.20720199573511,78,0.590523815970068,78,2.23498125556321,71,1.32388243297374,74,0.170759533539556,65,0.00971960609821555,65,1.75266469633647,74,0.207443804054932,78,1.06779669486175,79,0.739745319908228,77,0.106369432368655,83,0.297835099131154,83,0.281380495647181,81,41.3091195084353,3,1.08438401319234,3,1.08389075969665,3,0.903749999999998,3,0.902499999999999,3,0.904999999999998,4,41.4963552519938,3,2.25,28,1633.8958,78,0.2247,3,0.0889,3,33.625,82.5,9.60714285714286,102,9.3349,102,0.6,96
"L013",38.4125,50,12.8876901609461,74,12.8798695207394,81,0.0467980489348728,81,73.5218749999999,82,0.283567482611176,47,97.2649306890346,56,99.4833793277338,34,95.2632647055946,69,40.7040769828543,47,1.05546752128038,0.293819155631945,56,0.991203473621607,54,0.1007150567269,41,0.158515997683162,59,0.451831225420599,59,1.47900744214261,46,0.92087002547019,47,0.110655880164076,33,0.00408157460496209,33,0.848001603809468,47,0.158712739347357,59,0.531133655537339,40,0.459777812049751,41,0.0694127266805839,54,0.198081222917608,54,0.176440840867925,51,37.9325010978883,50,0.998148835479573,50,0.99801490891779,50,9.17406249999999,50,8.043125,47,10.305,52,38.1689453151574,50,6.8333,62,931.3333,45,9.99,66,0.7184,55,24,58,0.542372881355932,65,0.5435,57,0.1405,63
"L014",39.275,29,12.4724486530145,53,12.8193123643579,80,0.0427045820454379,80,71.9875,74,0.216817236887961,43,100.259008013708,24,102.543247964891,13,99.1991530373145,32,31.276888433022,43,1.04524098793961,0.229305647816675,49,0.992808333430176,48,0.150315016845901,57,0.0269567727283507,5,0.0768387315863018,5,1.36746898060412,44,0.807218583999788,43,0.187085271591481,71,0.0116669662821528,71,0.651601842354623,43,0.0547449404435479,13,0.392410833137917,28,0.443042633105663,39,0.0331760864923169,14,0.0771262152077696,10,0.0805532893071407,18,38.8232534478466,29,1.02087330179428,29,1.02080711488221,29,5.88937499999999,30,4.218125,20,7.56062499999999,34,39.0481592748031,29,11.1667,87.5,987.5833,47,4.6903,44,0.4474,36,23.25,55,0.815789473684211,77,0.9034,75,0.3707,88
"L015",36.2875,97,11.6327958718396,33,10.8196482761216,7,-0.104598591923987,7,53.456875,8,0.732466939199215,82,91.4310497198917,91,89.9849466692918,99,93.4027297215517,85,104.102492544054,82,0.8920096382539,0.673408573062707,84,0.973699997471074,87,0.299526526108812,83,0.198577842733972,76,0.56578522332832,76,2.48498125556319,80,1.47268527798751,82,0.203801194696613,81,0.0138449756532556,81,2.16880192800114,82,0.198647990759823,75,1.51207804292418,99,0.705467650253188,72,0.0957267343076,72,0.261138895990405,72,0.237273761358391,70,35.9188700716876,96,0.944281163783302,96,0.944098536462069,96,20.8546875,97,20.553125,98,21.15625,94,36.100329165787,96,5.5,52,1617.1667,76,7.0977,55,1.6092,90,31.5,77,0.335106382978723,34,0.37,29,0.0584,34
"L016",37.9125,65.5,12.8400564663752,71,12.6217210385659,71,0.0292122766667787,71,71.091875,72,0.0624304344735184,11,97.0979316564727,58,97.8450950501919,59,96.1630967211908,59,9.47272156895133,11,1.04186745719525,0.0117907064375174,4,0.998836994882509,11,0.025943975259265,8,0.0660680752278291,27,0.188276662269108,27,0.815018744436806,15,0.444239086551172,11,0.0588232113041841,7,0.00115339006271223,7,0.19734836601982,11,0.0661188329303876,25,0.398828797835786,30,0.242584646018964,9,0.0344791537242687,18,0.0959276065838206,23,0.0797571536546861,16,37.4531017817743,66,0.985311296128929,65,0.985266766949945,65,11.2303125,65,10.178125,64,12.2825,68,37.677634310197,65,0.25,11,283.4167,7,3.0643,38,0.5392,42,13.5,15.5,0.20532319391635,12,0.2239,10,0.0038,9.5
"L017",37.875,67.5,13.8173116672948,98,13.5653976346449,97,0.0918401790795168,97,82.1625,97,0.36607250724296,55,95.3232905768953,77,97.0324404422377,69,93.6413464052338,83,52.3563250770051,55,1.11965487942265,0.0475329585310874,15,0.998123660810906,14,0.149317155224994,56,0.148915658869523,55,0.424352219980556,55,1.76501874443677,57,1.04439301627194,55,0.145131121774185,50,0.00702101416914448,50,1.09075677243761,55,0.149497663390069,55,0.961208473518129,71,0.612839159895605,61,0.0813559559400567,61,0.222881855400506,61,0.196159961595564,55,37.3523580385479,71,0.983586931398935,71,0.983392132801493,71,11.475625,67,9.30625,57,13.645,74,37.6027090151398,71,3.6667,36,1152.6667,54,16.5854,82,1.1707,81,26,62,0.4,47,0.4594,47,0.0573,33
"L018",37.975,64,11.9675721948918,41,11.7885653753706,31,-0.030102965364001,31,61.9625,31,0.0236525735173255,3,98.172461371311,43,98.4486622155936,48,97.7887590819752,47,3.99609443698469,3,0.972961064507447,-0.011836679254801,5,0.99942827608549,7,0.0110107511649635,2,0.0425648229946261,12,0.1212971186161,12,0.534981255563207,4,0.288534170311213,3,0.0384559695949368,2,0.000492953865828903,2,0.0832519674371803,3,0.0426068240674425,6,0.261701855376593,9,0.158726099051824,3,0.0223432364340817,4,0.0620147856029945,5,0.063287286095184,7,37.5708674816518,63,0.987627288023319,64,0.987621134419955,64,10.9925,63,10.445,67,11.54,64,37.772075623906,63,1,17.5,259.5833,5,2.7087,37,0.4611,38,13.75,17,0.208333333333333,13,0.2151,8,0.0154,15
"L019",39.4125,28,11.0559871966846,16,11.4137140386593,20,-0.0581709030271245,20,56.961875,18,0.394907949617929,60,99.2842294687005,32,100.196241220854,29,99.288862469677,31,56.4287767847317,60,0.926390705713958,0.381025369916232,65,0.985584225564986,67,0.14187625381006,51,0.18699066942615,72,0.533007521370201,72,1.74425241640824,56,1.08425067043954,60,0.134127503213251,45,0.00599672903940691,45,1.17559951634858,60,0.187592625421516,72,0.556170769013599,43,0.514437526997013,52,0.0753419968967848,56,0.214910156059422,59,0.203593340935757,59,39.048929037501,27,1.02566453271511,27,1.02544347184498,27,5.30156249999999,27,5.618125,28,4.98499999999999,25,39.2362629939444,27,2.5,30,982,46,1.5881,25,0.2447,21,22,47,0.715447154471545,72,0.9564,78,0.0881,44
"L020",40.7125,11,12.4751350513462,54,13.4174627896038,92,0.0823159211459568,92,77.386875,87,0.336241318631832,52,104.015487993094,6,103.20927244929,10,104.087904168992,8,48.1432433623878,52,1.08382426152968,0.242116738755955,51,0.992979012538314,47,0.153765813989597,58,0.128896672835292,52,0.367294217008808,52,1.67674014144917,51,1.00149100680756,52,0.158993392735911,61,0.00842629964455857,61,1.00298423671641,52,0.131595787970815,52,0.887747552604453,66,0.654688625155746,64,0.0774910916718992,59,0.206723758060112,55,0.199686816955483,58,40.2429266454695,11,1.05804886176432,11,1.05798636876592,11,1.9109375,11,1.165625,4,2.65624999999999,13,40.4795548403491,11,11.75,90.5,1145.3958,53,1.0138,16,0.1739,16,23.625,56,2.25,92,2.8948,95,1.1605,102
"L021",38.1375,58,10.5316353119948,5,10.4301904825572,3,-0.136440398230073,3,48.396875,3,0.750313245010321,83,95.405885207854,76,97.5113655938777,64,94.0550100569808,78,106.622940041688,83,0.852933244656242,0.373667762250212,63,0.983337057897581,74,0.277937413323992,81,0.238119058711802,86,0.678653046418446,86,2.49425241640824,81,1.49040640459859,83,0.187807807570187,73,0.0117572575281068,73,2.22131125086849,83,0.238209803697467,85,1.16270677409527,85,0.794213480549586,84,0.118309851500213,87,0.333857354862283,87,0.290005267839493,84,37.8194150106102,55,0.993113627654242,57,0.992803602347919,57,10.5178125,60,11.123125,70,9.91249999999999,49,37.9823039914333,57,0.1667,8,1512.7292,71,34.3143,98,1.4743,86,27.625,68,0.40036231884058,48,0.5499,58,0.0027,8
"L022",40.6375,12,12.2888762908456,48,13.1863983258142,86,0.0672275030262565,86,74.816875,83,0.139704311938525,33,104.809437466908,3,104.376628306469,7,104.93030976032,5,20.386170724778,33,1.06860090861083,0.0288779220578817,11,0.998438124478235,12,0.0686344052008976,32,0.075772070395973,32,0.21588227512252,32,1.12674014144915,34,0.651699232851735,33,0.108693829551645,31,0.00393811619420071,31,0.42471189009954,33,0.0781470853274759,31,0.612823615526364,49,0.400061629613583,34,0.0432534087777079,32,0.111853144822047,32,0.112981715132758,33,40.1750804147418,14,1.05618932339337,13,1.05617593677529,13,2.06718749999999,12,1.37312499999999,7,2.76125,16,40.4097712606466,13,7.75,72,573.0625,27,0.7447,12,0.1489,11,12.625,10.5,1.32894736842105,90,1.8847,91,0.7045,98
"L023",38.4875,47.5,12.7637879626929,67,12.7874984657132,78,0.0405463112900773,78,72.396875,76,0.125273450505984,29,98.6035213041863,39,99.3658658966125,38,98.3866077465355,45,18.3480890639983,29,1.05042868013848,0.0783973058376418,27,0.997017918062953,24,0.0776929508195827,35,0.0512091168188469,16,0.145934933971577,16,0.926740141449151,25,0.618265198357439,29,0.129232563031158,41,0.00556701844920078,41,0.382251855499964,29,0.0598932747552668,18,0.391449788212843,27,0.421109589388546,37,0.0407490681407756,30,0.103329125684952,27,0.0995504275609023,29,38.0316812219286,48,1.00029362981144,48,1.00025335326453,48,8.71093749999999,48,7.05062499999999,39,10.37125,53,38.2551838820693,48,9.8333,80.5,596.8958,30,6.8726,53,0.5567,44,16.875,29,0.375,40,0.4538,44,0.2109,76
"L024",39.65,23.5,12.8291235494173,70,13.3450742446861,88,0.0776171106797444,88,77.625,88,0.56337663847303,71,100.276664279005,23,98.1877202913155,54,102.256307417988,15,80.2217393030313,71,1.08053629379041,0.593943770738429,79,0.983935763696761,73,0.223239116025619,69,0.186722259053858,71,0.532080666065597,71,1.97099255785734,65,1.29278236199285,71,0.173661977230778,67,0.0100528274452345,67,1.67128623547982,71,0.186841356649741,71,1.21658750067102,88,0.690424581079111,70,0.0971516929829099,75,0.269104170726607,73,0.253730155288639,75,39.1796651216594,25,1.03039606053933,25,1.0302464225884,25,4.46312499999999,23,3.80125,17,5.12499999999999,27,39.4114832718702,25,9.0833,77,1578.0833,74,1.9368,28,0.2434,20,27.25,65,1.09,86,1.383,85,0.3652,86
"L025",39.2375,30,13.1313320056604,84,13.480250205432,95,0.0863710283976834,95,79.6418750000001,91,0.332786345828353,51,99.9538341735434,28,99.0098783874049,42,100.788897184346,21,47.6552948956797,51,1.10113758003694,0.132291642341607,36,0.995935780187933,32,0.143744315221165,53,0.127499009072232,51,0.363248795272804,51,1.62674014144916,49,0.996402852093467,51,0.145966181901134,52,0.00710204208626494,52,0.992818643659996,51,0.128297207703918,51,1.02614502825073,78,0.509270052379294,51,0.0602092623387288,47,0.158472249272797,46,0.15117373684244,45,38.7463653668964,30,1.01937641133978,30,1.01930207473202,30,5.8103125,29,4.57812499999999,24,7.0425,31,38.9869580516261,30,7.25,67.5,1140.5625,52,3.1129,39,0.3226,32,24.625,59,0.751908396946565,75,0.9322,77,0.2311,78
"L026",40.9348684210526,8,11.4243238495006,26,12.3720776135671,61,0.0118603936512098,61,65.6098528393352,47,0.115763968800946,25,104.336637848759,4,104.760866685601,6,104.642284615285,6,17.0050576478101,25,0.998767356486718,0.147536918872868,40,0.99460183762071,41,0.0421623460083345,21,0.101006533649724,44,0.287898231312155,44,1.13151887364689,35,0.59520755567229,25,0.0711257804564788,11,0.00168629221518107,11,0.354272034329382,25,0.101013817676459,44,0.385621580668278,24,0.287379402320179,15,0.0453996217194166,35,0.13016807401973,39,0.131754047360253,40,40.5240544525864,8,1.06465135165054,8,1.06454964236104,8,1.48410924515235,7,1.3169684903047,6,1.65124999999999,8,40.7377798472898,8,4.5,43,533.6667,26,0.2558,4,0.093,4,19,35.5,2.53333333333333,95,2.425,93,0.5455,94
"L027",37.85,69,11.5505411882796,29,11.3305040396161,17,-0.0645264180034935,17,57.34,19,0.266178105706682,45,96.4498280096173,66,96.8842434120225,71,98.410453789198,43,38.2481619061868,45,0.932175819070984,0.21840628325947,47,0.991351388767322,53,0.185122829443252,63,0.0234375927606317,3,0.0668074176958556,3,1.73253101939581,55,0.892657104592181,45,0.207984836213698,82,0.0144192306982795,82,0.796836706378895,45,0.0580064191614964,16,0.433563462811284,32,0.479805564269881,45,0.0345845037975882,19,0.0789443196073952,11,0.0744020743312755,13,37.4695994440719,65,0.98473233062724,67,0.984650371048751,67,11.549375,70,12.853125,81,10.245625,51,37.6607145673734,67,11.5833,89,1304.8958,61,23.9128,90,1.5302,88,30.625,74.5,0.443840579710145,54,0.4618,48,0.171,70
"L028",38.9625,32,13.0754000801787,83,13.3041563776576,87,0.0749498039828562,87,77.8618749999999,89,0.596212681165888,75,98.03873847224,46,97.2553791175519,66,97.6417081007424,49,84.8591988710462,75,1.08160835132948,0.636564988222149,83,0.982889844638255,77,0.276195728020102,80,0.160218396191157,60,0.456478970159025,60,2.61501874443681,84,1.32962399815893,75,0.213628754453925,83,0.0152124149098451,83,1.76789997648013,75,0.163820892202238,60,1.28258270309388,90,0.796299193480104,85,0.0886061915924841,69,0.230819744334663,64,0.198082505483917,57,38.4733368683739,33,1.01233556955111,32,1.01213323841084,33,6.80718749999999,32,6.48124999999999,36,7.13312499999999,32,38.7130299490652,33,2.4167,29,2021.2292,91,11.8538,69,0.8119,58,38.125,91,1.01666666666667,84,1.028,79,0.0638,37
"L029",38.5625,43,11.0423413113533,15,11.0900814258495,12,-0.0831554082386651,12,54.3968750000001,12,0.762552469631981,84,96.2441862198624,68,97.1724202443005,67,95.6719101817657,66,108.351495149795,84,0.898517740407718,0.762259407294481,89,0.97088770970482,89,0.265790307957297,78,0.262114622110539,88,0.747142573269284,88,2.44425241640825,78,1.50243895570526,84,0.179377791882788,70,0.0107254640735817,70,2.25732281562072,84,0.262530874029198,88,0.783447155046411,61,0.691606148108346,71,0.105272562503425,81,0.302142234660788,84,0.288489235850792,83,38.2162372128217,41,1.00379898375896,41,1.00345770347277,41,8.49156249999999,43,9.09249999999998,52,7.890625,35,38.3919892930598,41,4.8333,45.5,1499.5833,70,22.3101,89,1.1442,79,28.75,70,0.537383177570093,64,0.6657,66,0.0959,48
"L030",42.175,1,12.8087324993734,68,14.404046545767,104,0.14394415425927,104,87.5474999999999,101,0.918852111743705,90,106.626888402161,1,105.541411643682,3,106.826654377991,1,130.425813835728,90,1.14838258639428,0.608898590185314,80,0.985414820732377,69,0.381308805403104,92,0.218045044130932,81,0.621235799916303,81,3.26501874443679,92,1.64839450827494,90,0.232500539999211,91,0.0180188336999749,91,2.71720445491098,90,0.218473767164827,81,1.70164505904122,100,0.822722322708329,87,0.105457351255954,82,0.283750158729626,79,0.241663339460927,72,41.6503722315407,1,1.09549996915433,1,1.09534528790489,1,0.278124999999999,1,0.0306250000000002,1,0.525624999999997,1,41.9165170754751,1,0.9167,16,2698.2292,102,0.6988,11,0.1432,9,44.875,102,29.9166666666667,104,11.9961,104,0.2444,80
"L031",36.4125,95,13.5213921643695,94,12.6309543319681,72,0.02984745190967,72,72.721875,80,0.541457093040392,69,90.5875289092324,95,93.4285890470345,92,88.017954923873,95,77.1260250403968,69,1.0435532321181,0.711802602416059,88,0.979611306688751,82,0.183985378544987,62,0.22427510763911,83,0.639283851561104,83,2.3790074421426,77,1.2675930689072,69,0.145250356597489,51,0.00703255536389928,51,1.60679218834158,69,0.224282962381932,83,0.6585536316281,51,0.499074791254846,49,0.0841068200887449,64,0.245786315176446,70,0.227890082176304,68,35.9192746957057,95,0.946044494335626,95,0.945679173876617,95,19.8534375,95,17.715625,94,21.99125,95,36.1550099065539,95,9.8333,80.5,1709.1667,83,2.408,35,0.8736,65,35.25,88.5,0.373015873015873,39,0.3804,32,0.1045,49
"L032",38.575,42,12.6798020865422,64,12.7398339307348,76,0.0373026557041382,76,71.7725,73,0.0650852427651898,13,99.1550996706491,33,99.3006277396488,40,98.6404106044398,41,9.84766218614461,13,1.04700996799574,0.000746849718525747,2,0.999155769953672,8,0.0279550962926214,9,0.0625884593943573,24,0.178334570579171,24,0.865018744436775,19,0.452945503209838,13,0.0618457328776992,8,0.00127496489172658,8,0.205159628878013,13,0.062589406499726,22,0.454264757827558,33,0.216024204526915,8,0.0307183116212374,12,0.0848364887314042,15,0.0697651094465573,10,38.1164339881422,44,1.00255649471704,44,1.00253207111537,43,8.305,41,7.34499999999999,40,9.265,44,38.342738474635,44,2.1667,26.5,288.2292,8,1.6058,26,0.2739,26,14,18,0.329411764705882,33,0.3316,23,0.0484,28
"L033",39.825,19,11.5607640492975,30,12.0927618894626,44,-0.00797387482836522,44,63.5925,41,0.380198158032076,58,100.761979664994,19,100.74665694097,23,103.462840558306,11,54.3513016038408,58,0.977401305555287,0.519905765334547,77,0.982719497861661,78,0.24276052704906,73,0.0653436227422581,26,0.186168808010369,26,1.63253101939591,50,1.06410468630363,58,0.231968636857637,90,0.0179364828285301,90,1.13231878341335,58,0.0865102031308589,35,0.68933031872285,55,0.666220227279472,66,0.056170492545208,44,0.134724636242019,41,0.129695223847441,38,39.4157372108983,20,1.03582358202832,20,1.03565891446625,20,4.006875,18,4.645625,25,3.368125,17,39.6259068422692,20,9.3333,78,1364.5,63,2.2663,33,0.2722,25,26.75,64,1.17582417582418,89,1.5605,87,0.4553,91
"L034",37.7875,72,13.7375536441305,95,13.4477632957694,94,0.084275234373361,94,80.841875,95,0.272956584821051,46,95.5074307820403,74,97.3219035344986,65,94.9355488877433,73,39.2054917257263,46,1.11165503480133,-0.0289297986271947,12,0.999984671257221,1,0.137911181468238,49,0.103458633383343,47,0.294797680725522,47,1.41746898060414,45,0.903759413571608,46,0.158649240698013,60,0.00838986052468538,60,0.816781077619297,46,0.108183489198978,47,0.764672967836244,58,0.609308595488389,60,0.0667225285278823,52,0.174357951574781,51,0.150233816434624,44,37.2757194598603,74,0.981408728544645,72,0.981261701230433,72,11.8978125,72,9.32499999999999,58,14.470625,78,37.5206105291279,72,7.9167,73,911.1667,44,13.7754,73,1.0164,72,22.5,52,0.314685314685315,30,0.3909,33,0.1184,52
"L035",37.875,67.5,12.6225148042186,61,12.3923840318166,63,0.0132848489849534,63,68.5675,58,0.166737792736277,37,96.5586450493024,64,96.276806763095,77,96.228639884761,58,24.2041300128311,37,1.02022716688208,0.209194684336838,46,0.99303623188485,46,0.0918877478343573,38,0.0701829718628831,30,0.199960004627683,30,1.26501874443679,41,0.710107533124842,37,0.13385760492582,43,0.0059726194654923,43,0.504252708600649,37,0.0758433749320509,29,0.592501845338771,47,0.461821746861679,42,0.0458885761099273,36,0.116095797954432,35,0.0972730292877851,28,37.4312206749057,68,0.984549161777593,68,0.984474187788803,68,11.353125,66,11.253125,71,11.453125,63,37.6487683432778,68,4.3333,40.5,772.8958,40,13.8312,74,0.9389,68,21.375,46,0.326335877862595,32,0.3641,28,0.0655,39
"L036",38.2125,56,11.8445661432659,38,11.7596102305159,28,-0.0322390231514363,28,61.456875,30,0.0662542551240856,15,98.3902518610113,40,97.8493831998066,58,98.6626288207937,40,10.0127627008316,15,0.968138360303327,0.0415457912998725,14,0.99768633884881,15,0.032932183430078,14,0.0595639753968029,23,0.169749117186327,23,0.779007442142584,13,0.45672663917708,15,0.0754866832196834,13,0.00189941311450294,13,0.208599222933991,15,0.0612904047965939,20,0.353783145016558,19,0.31209230225489,19,0.0367002822512914,25,0.0982329947246772,25,0.0843073378732118,23,37.8054883038203,56,0.993809704723242,56,0.993789488117644,56,9.97906249999999,56,9.82812499999999,61,10.13,50,38.0100171941188,55,7.25,67.5,457.3958,21,7.8835,58,0.6917,52,15.375,22,0.292857142857143,25,0.336,24,0.1315,57
"L037",40.8375,9,11.4652579020808,28,12.3791278731187,62,0.0123552202815641,62,65.766875,48,0.57854165003414,72,102.474031447585,11,101.575746005229,18,103.699334669706,10,82.3635055512051,72,0.989560155806899,0.824838879345273,90,0.974017671354275,85,0.213018734578741,67,0.21612411773413,79,0.616008879744736,79,2.3209925578574,73,1.30992609167468,72,0.165669323240005,64,0.00914877488760046,64,1.71590636565011,72,0.21665449937574,79,0.874561504184525,65,0.733098587850461,75,0.105183014659907,80,0.296000466394272,82,0.282632426887014,82,40.4332839604684,10,1.06225860978485,10,1.06196901989247,10,1.6453125,8,1.7125,11,1.578125,7,40.642196323599,10,7,64,1634.6667,79,0.5486,6,0.126,6,32,78,3.65714285714286,100,3.5912,98,0.7179,99
"L038",40.025,17,13.4554694778947,92,14.1639638759711,103,0.12934474297586,103,87.0125000000001,99,0.614117851142621,76,101.412246421794,14,100.950588640014,21,101.138831218551,19,87.387959800066,76,1.15114656805457,0.133508530739122,38,0.99625208029835,29,0.261616744707283,76,0.174552271547328,64,0.497313134153222,64,2.36501874443679,76,1.34928962637185,76,0.19602756949236,76,0.0128089360003607,76,1.8205824958347,76,0.175494367029753,64,1.38381433132565,92,0.706335677565944,73,0.0857526793884625,66,0.227698937399448,63,0.193288376592138,54,39.4956098209162,18,1.03941645719966,17,1.03930119248057,17,3.538125,16,2.25812499999999,15,4.818125,24,39.7552445722477,17,7.0833,65.5,1557.5625,73,2.5408,36,0.2853,29,30.625,74.5,1.82835820895522,91,1.7871,90,0.3704,87
"L039",36.0875,99,13.2520241793684,87,12.239975529662,53,0.00253622119091164,53,68.6118750000001,59,0.339678974162509,53,90.6060014079407,94,92.6462782528537,94,90.1020098257004,91,48.628746097335,53,1.0166770788439,0.467903008083647,74,0.985499524423012,68,0.144588807760894,54,0.149840799998652,56,0.427072862555533,56,1.69072883915498,53,1.00652813027148,53,0.150677516473285,56,0.00756790465685237,56,1.01309887702781,53,0.152079946563796,56,0.687629177513102,54,0.653006726305207,63,0.0826417209787108,63,0.226175235539902,62,0.208820641232675,61,35.6251223736689,99,0.937879767604285,99,0.937648467413258,99,21.8884375,99,19.265625,97,24.51125,101,35.8455504756854,99,3.25,33.5,1044.8958,49,7,54,2,93,22.125,48,0.225765306122449,16,0.2842,16,0.033,22
"L040",38.8625,34,12.1064039105868,43,12.2783011892133,55,0.00525168707881547,55,66.406875,52,0.0580730338362676,7,99.9822449321502,25,100.50185969147,25,99.462735342744,30,8.85732252510629,7,1.00615663471572,0.0614745904013404,20,0.99725859736113,21,0.039516843896083,18,0.0264765879432767,4,0.0754332359270216,4,0.661721397012381,6,0.429566703326016,7,0.0935492576229899,26,0.00291715453393751,26,0.184527552606381,7,0.0349692267953524,4,0.279589332870994,10,0.267773368453167,12,0.0224711816219285,5,0.0537718134533109,4,0.056496425374025,4,38.4358374751199,34,1.01045448026123,34,1.01043159445586,34,7.3153125,34,6.205625,32,8.42499999999999,37,38.6497462196885,34,4.8333,45.5,429.7292,17,3.163,41,0.3407,33,12.625,10.5,0.323717948717949,31,0.4787,51,0.1289,55
"L041",38.6875,38,12.1107005472891,44,12.2128630083433,48,0.000610093358173254,48,65.856875,49,0.0606829902083891,9,99.4645166196831,31,100.374234975458,27,98.5822789940929,42,9.22592867119951,9,1.00189412989761,0.0664366739387617,24,0.997085009736036,22,0.0322285929933381,13,0.0580011348750178,21,0.165329200782883,21,0.720992557857382,11,0.438414013595205,9,0.0780688904663985,14,0.00203158388621818,14,0.192206847316656,9,0.0605899566984641,19,0.220452198626259,5,0.264797424900071,11,0.0297966649626967,10,0.0800192980252258,12,0.0826844488644295,21,38.2674530390415,36,1.00596758149476,38,1.00594198308076,38,7.90656249999999,38,6.94812499999999,38,8.865,42,38.4771580498443,37,6.5833,58.5,398.8333,14,2.12,30,0.304,31,12,6,0.294478527607362,26,0.4069,36,0.1549,66
"L042",39.6375,25,12.1208536416136,46,12.6033010244736,70,0.0279437407061258,70,69.246875,65,0.300226443647994,49,100.709786461952,21,99.8592606879171,31,100.772584943833,22,43.0568348646704,49,1.02241781276529,0.402521403774111,68,0.987520857668863,65,0.111246267047449,45,0.154506574742727,58,0.440370299861802,58,1.82099255785741,61,0.947110021599371,49,0.118851217584552,39,0.00470853730711014,39,0.897017393013962,49,0.154698288842485,58,0.681895800928752,53,0.520483988022993,53,0.076088310365889,57,0.21446186318302,58,0.20467157412076,60,39.2095531772257,24,1.03061619732091,24,1.03050415149583,24,4.5103125,24,3.998125,19,5.0225,26,39.4244385580149,24,9.4167,79,1206.3958,57,1.3562,22,0.25,22,29.375,71.5,1.14077669902913,87,1.2032,84,0.3767,89
"L043",38.2875,54,12.2720152925781,47,12.2141960702456,49,0.000704896654286562,49,66.231875,51,0.0690344504889078,18,98.3686566478393,41,98.6479307423915,45,98.8893295177892,34,10.4054118308171,18,1.0045725485528,0.0781564314676558,26,0.996747613373515,27,0.0387399218375386,17,0.0508931794032275,15,0.145030911539469,15,0.790728839154968,14,0.465595761516385,18,0.0867395575969683,19,0.00250791695070593,19,0.216779413142023,18,0.0543133926894798,12,0.34653653304544,17,0.324332144550503,22,0.0348085703696741,21,0.0908465385933298,20,0.0798208163387547,17,37.8569434446453,53,0.995447545117069,54,0.995419611605915,54,9.69093749999999,53,8.45124999999999,50,10.930625,58,38.0707429006184,54,0.4167,12,411.1667,15,7.4253,56,0.641,49,12.25,7.5,0.214912280701754,14,0.3306,21,0.0078,12
"L044",41.0875,6,10.8518879198649,10,11.8075092009413,32,-0.0287082925929002,32,59.641875,25,0.108611521425526,23,104.230768391296,5,105.635590098857,2,105.359703012758,3,15.9949120030965,23,0.953313219322448,0.0657711654838927,22,0.996803569094203,26,0.0484062189839139,22,0.0881979381148692,40,0.251403770827177,40,0.89425241640824,23,0.577258463253548,23,0.0892158473531012,23,0.00265315580631062,23,0.333227333397848,23,0.0899327533469314,37,0.29282078583266,12,0.327631033496235,23,0.040668154975433,29,0.111967963087501,33,0.114162906472155,34,40.7046977303065,6,1.0690275995097,6,1.0688667062661,6,1.2809375,5,1.405625,8,1.15625,5,40.9082435984517,6,2.0833,25,442.1667,19,0.5846,9,0.1436,10,15.25,21,2.34615384615385,93,2.4281,94,0.2778,83
"L045",38,63,12.6155783161595,59,12.4372095211823,65,0.0164210233710625,65,68.945,62,0.0711929665097852,19,97.3228123079905,51,98.4811357124017,47,96.3275103728622,57,10.7102607088427,19,1.02526120823231,0.0611436314527452,19,0.997369119378231,19,0.0255576240959539,7,0.0836971737552425,38,0.238575064278594,38,0.829007442142585,17,0.47236683989694,19,0.0542193619058072,5,0.000979913068490965,5,0.223130431434221,19,0.0837148953172915,34,0.240180245916244,7,0.181949487564067,5,0.0302649697341726,11,0.0884485833677024,18,0.077137901284091,14,37.549089221001,64,0.987718509291155,63,0.987673422442553,63,10.929375,62,9.82249999999999,60,12.03625,67,37.7711878556656,64,3.25,33.5,425.0833,16,4.9566,46,0.6387,48,16.5,27,0.272727272727273,23,0.2957,17,0.0538,31
"L046",38.7875,35,11.7940978066895,37,11.9324203131674,37,-0.0195677924303527,37,62.7818749999999,37,0.202182167115683,42,98.9417956953034,34,99.3121567517946,39,98.9248014750748,33,29.2099662713373,42,0.975208849244192,0.254618444750582,53,0.990947455916799,55,0.117457291043285,46,0.0815848200184132,35,0.232553856087715,35,1.28827860298762,42,0.780090356296111,42,0.15711920838673,59,0.00822881521469094,59,0.608540963986193,42,0.0899521485407768,38,0.38483345710625,23,0.470251171583253,43,0.047169834778464,38,0.122699992203387,37,0.105269539815911,32,38.372110300844,35,1.008714620773,35,1.00863828251043,35,7.59531249999999,35,7.890625,46,7.29999999999999,33,38.5826460175967,35,11.75,90.5,910.8333,43,4.8175,45,0.5019,40,21,44.5,0.525,63,0.6659,67,0.2994,85
"L047",37.7197368421053,74,12.6356497868373,62,12.3411031690335,58,0.009683087944875,58,68.148095567867,57,0.0985893633007196,22,96.5415204377793,65,95.9064381285854,83,96.5907945126349,54,14.5794749017777,22,1.0185541210469,0.111060076892998,33,0.995873414319143,33,0.0519410596017118,24,0.0593262343369378,22,0.169021735075985,22,0.98607137601571,27,0.551125267478904,22,0.0974498652027288,29,0.00316549207601,29,0.303739060453694,22,0.0623069873161931,21,0.500132086573901,38,0.334344940220511,24,0.0335397701323194,16,0.0846658401256317,14,0.0772514078750739,15,37.2808969170377,73,0.980557845460635,74,0.980509731932997,74,12.0838382963989,73,11.7770515927978,75,12.390625,69,37.494932507229,74,1.3333,21,436.25,18,10.1692,67,0.9538,70,16.25,26,0.237226277372263,18,0.2495,15,0.0184,16
"L048",37.725,73,12.7390654817549,66,12.4443002969253,66,0.016916087357692,66,69.2875,66,0.137459868271734,32,96.3325680956636,67,98.4240212347137,49,95.7316307828648,65,20.0691862192228,32,1.02638876466781,0.15672755705304,41,0.994623071756542,40,0.0923065584956204,39,0.0390530758198936,10,0.111317094914408,10,1.08672139701238,29,0.646612748276592,32,0.144931230471256,49,0.0070016871886374,49,0.418108046233807,32,0.0534406095006367,11,0.319468817196569,14,0.388173324623217,31,0.0333971574134991,15,0.0821431612639397,13,0.0838799965682612,22,37.2825571053133,72,0.980626947794269,73,0.980564613449749,73,12.235625,74,10.240625,66,14.230625,75,37.4978025138127,73,9,76,684.5625,35,9,62,0.8696,62.5,16.625,28,0.25,20,0.3214,19,0.1277,54
"L049",40.6,14,11.4344267600433,27,12.2552493635627,54,0.00361942702701834,54,64.655,43,0.132839792342271,31,103.413224480468,8,104.869516053081,4,102.163953520511,16,19.4166893418001,31,0.991085122217626,0.170108276200418,42,0.993823906055771,43,0.0654611016162008,31,0.0867989604453702,39,0.247409811604033,39,1.03672139701238,28,0.636014434810643,31,0.10931144315392,32,0.00398299720146419,32,0.404514361287502,31,0.0899623191395409,39,0.348112373681658,18,0.409095253131188,35,0.0475604424681943,39,0.128248764486155,38,0.128229484368198,37,40.1920845995249,13,1.05596719917311,14,1.05586251144319,14,2.244375,13,1.7425,12,2.74624999999999,15,40.403766665113,14,7.5,71,629.5625,32,0.9681,15,0.171,14,14.375,19,0.991379310344828,83,1.6877,89,0.5825,95
"L050",37.3125,81,14.5072165433296,103,13.9761619328435,99,0.117750969858317,99,87.901875,103,1.41058229096079,99,90.8728296960013,93,96.0158541352398,82,86.2071817845035,101,199.873245300539,99,1.14003270059716,1.41107890151153,94,0.967221898229307,92,0.544967485826434,99,0.321102039989028,96,0.91518648914194,96,3.21501874443679,91,2.0405945074319,99,0.274689045017893,101,0.0251513571509474,101,4.16402594376123,99,0.322813359486074,96,1.47755453486768,97,1.23390213027241,101,0.167916608424448,100,0.466408352784248,100,0.421463221217975,98,36.7340963628547,82,0.968589953893198,81,0.967819096198502,81,14.7115625,81,12.763125,80,16.66,84,37.0078396212911,81,4.9167,47.5,1907.8333,86,55.6255,103,2.3377,99,32.25,79,0.387387387387387,43,0.4969,55,0.0646,38
"L051",38.1,60,12.1176301453951,45,11.9860105294615,39,-0.0156755681755101,39,63.945,42,0.00629574331168261,1,98.6761940244388,35,98.4892593916775,46,98.7887851635384,37,1.54477595563387,1,0.988504224022673,-0.0177804968007557,9,0.999631905419331,4,0.0042372151497655,1,0.0294454515467283,7,0.0839329772577288,7,0.270992557857403,1,0.179395742449588,1,0.0248276328226971,1,0.000205470450526222,1,0.0321828324090388,1,0.029731406527628,3,0.0904557716372647,1,0.0914277032566352,1,0.0122344449047074,2,0.0343190417880287,2,0.0365101086178494,3,37.6857039555923,61,0.990745080623524,60,0.990742245301397,60,10.35375,59,9.89124999999999,62,10.81625,56,37.8914963110488,60,0.0833,4.5,102.0625,1,1.5568,24,0.2955,30,6.125,1,0.0991902834008097,1,0.1434,2,0.0014,4
"L052",39.65,23.5,11.029062706176,14,11.4726200972555,23,-0.0536996526224508,23,57.37,20,0.167424770946128,38,101.07942978681,17,100.395584109147,26,103.836104294357,9,24.3011524738525,38,0.934625972862472,0.0837995291931946,28,0.996048494684529,30,0.104522374076596,43,0.0535768440017283,18,0.152663927834037,18,1.13253101939586,36,0.711529345755974,38,0.150428034535027,54,0.00754286452469038,54,0.506274009871925,38,0.0646442934248022,23,0.472231320274986,34,0.475205692029911,44,0.0441910758300276,33,0.110224101972731,31,0.0908274972338375,27,39.268794265185,23,1.03161915300303,23,1.0315234325532,23,4.671875,25,5.203125,27,4.140625,21,39.4678926093189,23,10.6667,85,766.25,39,1.987,29,0.2748,27,18.25,33.5,0.869047619047619,80,1.0367,80,0.4613,92
"L053",38.5,46,12.525568385641,55,12.5539827117678,68,0.0245381745523254,68,69.765,69,0.132623501022953,30,98.605143478896,38,97.8628157664794,57,98.8648866781837,35,19.3861423523954,30,1.03014720048832,0.142662408098745,39,0.995063088686886,39,0.0538934320209593,27,0.0967431852012409,43,0.275717236482652,43,1.17099255785742,38,0.635513938222372,30,0.0869591316590283,20,0.00252063019296407,20,0.403877965674909,30,0.0972629134020827,42,0.503559039506502,39,0.388634620397294,32,0.0522626441601955,42,0.144414707114398,44,0.137378743518213,42,38.0613157372938,46,1.00083481267971,46,1.00079149561979,46,8.56562499999999,44,7.64999999999999,43,9.48124999999999,45,38.2772970373264,46,7.3333,69.5,587.5833,29,6.1558,49,0.6013,47,20.25,42,0.417525773195876,49,0.4408,41,0.154,65
"L054",38.6375,39.5,11.2450353476214,21,11.3213931770328,16,-0.0652251316734038,16,56.631875,16,0.298529572010204,48,98.1009461089039,44,97.9630404386349,55,97.199100874188,51,42.8171843779789,48,0.92603586474648,0.237525169060161,50,0.99056804777023,57,0.129581067324778,48,0.123458005407884,50,0.351762972995569,50,1.88498125556322,62,0.944470578970688,48,0.13975454339183,47,0.00651044413288625,47,0.892024674541227,48,0.124550319578878,50,0.928052163945095,69,0.550066852481015,54,0.0672274219282854,53,0.179761017904181,52,0.168541040979582,50,38.264930186637,37,1.00535166885996,39,1.00523085128959,39,8.36718749999999,42,7.88124999999999,45,8.85312499999999,40,38.4551982104066,39,0.1667,8,1453.6667,68,11.9712,70,0.8724,64,33,80,0.721311475409836,74,0.7462,68,0.0038,9.5
"L055",38.6,41,13.7891019504365,97,13.8657239450191,98,0.110860221082803,98,84.99,98,0.619941385281296,77,97.0061792925241,59,96.3217516838054,76,96.524139863573,55,88.2104220061123,77,1.13555704820505,0.288268501402138,55,0.99252105183709,49,0.25604850767284,75,0.178843631626129,66,0.509533260621997,66,2.56501874443679,82,1.35562425661661,77,0.188972346607835,74,0.0119035159274906,74,1.83771712512734,77,0.178862587340941,66,1.42558029696111,93,0.580113922946006,59,0.0772296004093217,58,0.208572395301847,56,0.178756343550804,52,38.0741982857444,45,1.00239912657142,45,1.00219100012271,45,8.21937499999999,40,6.75562499999999,37,9.68312499999998,48,38.3268270469562,45,4.25,39,1727.8333,85,18.7571,85,1.0893,73,34.75,87,0.702020202020202,71,0.7559,70,0.0892,45
"L056",38.7625,36,13.3762638754779,89,13.5221294218273,96,0.0890652986688579,96,80.6518749999999,94,0.466216044897849,66,97.6907871748662,49,98.9174160260183,43,95.734287444255,64,66.4996739334959,66,1.10585661458247,0.296637249541939,57,0.991911244460884,51,0.185844516943592,64,0.171355444487902,62,0.488306707065968,62,2.21501874443679,70,1.17703435532464,66,0.15965036654198,62,0.00849607984566283,62,1.3854098736145,66,0.171725751962799,61,1.0729478523036,80,0.670638697767408,68,0.0917610954522385,71,0.253152445705207,71,0.221349998926816,66,38.2506629817647,39,1.00684480234269,36,1.0066656899022,36,7.64968749999999,36,6.443125,35,8.85624999999998,41,38.5002705950558,36,1.5,22,1403.0625,65,9.4922,65,0.6562,50,31.375,76,0.842281879194631,79,0.7912,72,0.0366,23
"L057",38.0625,61,11.1863683383294,19,11.0511145468228,9,-0.0862127169823163,9,54.386875,11,0.379759379707205,57,96.6115130698924,62,95.7341928408702,86,96.4246063407317,56,54.2893326034929,57,0.907049907707425,0.253372848910354,52,0.989595936530947,60,0.159519802222514,59,0.138926213306677,53,0.395805698843006,53,2.0849812555632,68,1.06349789025309,57,0.150636158201414,55,0.00756375071922716,55,1.13102776257277,57,0.139191856820944,53,1.11215147700712,82,0.50016748587998,50,0.0625106504415286,49,0.166569711365562,50,0.153849802530241,46,37.6988114767678,59,0.990505608983932,61,0.99038618062715,61,10.9071875,61,10.668125,68,11.14625,60,37.8837246517479,61,1.6667,23,1486.7292,69,28.4917,94,1.547,89,33.125,81,0.55672268907563,67,0.5589,60,0.0279,20
"L058",40.9875,7,9.96945889447605,2,10.8140487061449,6,-0.105048235347987,6,50.091875,4,1.5927661329404,100,99.9054113615741,29,103.536749494092,9,98.6639265003962,39,225.603209444739,100,0.846942772880686,1.55423960460219,97,0.936764634768287,101,0.546432267707597,100,0.378973732019657,103,1.08023196124369,103,3.59425241640826,96,2.16796375971372,100,0.253300595990777,96,0.0213870639764277,96,4.70006686343207,100,0.379133898011242,103,1.19200829493777,87,0.985640622711124,94,0.155928904224081,98,0.449512772010336,98,0.42933560584282,100,40.6688660606406,7,1.06760075794351,7,1.06667934693259,7,1.8640625,10,1.905625,13,1.82249999999999,10,40.8409432989745,7,6.1667,55,2159.5833,93,1.3406,21,0.195,17,33.75,84,2.8125,96,3.9748,99,0.6091,97
"L059",39.725,22,10.7477981602261,9,11.2067528159149,14,-0.0740652920697304,14,54.6875,13,0.382565911217714,59,99.9627873143125,27,101.904509310014,16,99.9057365128986,27,54.6857012075926,59,0.90928455605311,0.270926138722282,54,0.989011180269575,61,0.140489591384906,50,0.180117514835216,67,0.51340389576363,67,1.81925241640823,60,1.06737315022669,59,0.13516475841472,46,0.0060898373057699,46,1.13928544182485,59,0.180788192759578,67,0.61166750194605,48,0.575202110960139,57,0.0820245691274131,62,0.231551647005753,65,0.222857359106006,67,39.3719040451993,22,1.03395793046432,22,1.03371534514187,22,4.39312499999999,21,4.74062499999999,26,4.045625,19,39.5566361769677,22,0,2,993.5833,48,0.8282,14,0.1718,15,17.25,30,0.683168316831683,70,1.1616,83,0,2
"L060",35.8875,102,12.525955067719,56,11.4884550806596,24,-0.0525016169119406,24,60.621875,29,1.34964217133636,98,88.4587684925111,101,87.8048093167392,102,87.3714094253641,98,191.266625328965,98,0.932894214578489,1.81551913911402,99,0.939128621808693,100,0.50688420202799,98,0.317568283021008,95,0.905100206695777,95,3.77900744214259,98,1.9961766858222,98,0.258040713415025,97,0.0221950032599117,97,3.9847213610201,98,0.318284493371503,95,1.50871202027475,98,1.14640142649251,100,0.162451625502637,99,0.45446743327296,99,0.423820308080127,99,35.4607530423159,102,0.933348313552255,102,0.932838074850789,102,23.7753125,102,23.565625,103,23.985,98,35.6662962338305,102,15.1667,103,2414.0625,97,6.3793,51,1.4483,85,41.875,97,0.430591259640103,50,0.4353,40,0.1552,67
"L061",39.1,31,11.6674694732447,35,11.9245178215376,36,-0.0201432239654926,36,62.435,33,0.0290101667381397,4,100.741318124849,20,100.673082267409,24,101.874249582476,17,4.75275144878586,4,0.976452032793442,0.00182138346575085,3,0.998995089797514,10,0.0221844742740051,5,0.01566483430412,2,0.0446442589752907,2,0.532531019395871,3,0.31466753118655,4,0.0712584206240064,12,0.00169258750327594,12,0.0990156551830382,4,0.0238144370335987,2,0.166240805852011,3,0.194818405634519,7,0.0164007518427147,3,0.0397474915806482,3,0.0285322430981941,1,38.6927160829366,31,1.01690517916375,31,1.01688487848469,31,6.365625,31,6.338125,33,6.393125,28,38.900150610615,31,6.8333,62,299.1667,9,0.5694,8,0.1667,13,12.25,7.5,0.376923076923077,41,0.4539,45,0.2071,74
"L062",38.3,53,14.1294039085106,101,14.0686310320052,102,0.123478801772412,102,87.8549999999999,102,0.845717161592815,88,95.0633115304899,79,98.3670003059022,50.5,91.8094665350021,87,120.096908568262,88,1.15237762367789,0.462005074801689,73,0.988809869089238,62,0.317768353626792,85,0.246514553920822,87,0.702550942708322,87,2.6650187444368,86,1.58177714249052,88,0.20193465063971,79,0.0135925343763273,79,2.50201892850546,88,0.246520754842685,87,1.31658465190611,91,0.809806495392397,86,0.1226585194126,89,0.34641414849112,89,0.308130818561532,88,37.7392863963817,58,0.994297848695076,55,0.993903791509083,55,9.72687499999999,54,7.578125,41.5,11.875625,66,38.0080745145355,56,1,17.5,1934.7292,87,25.0833,92,1.1111,76,34.125,86,0.771186440677966,76,0.7469,69,0.0196,17
"L063",37.225,83,13.4812165847206,93,12.9492749858489,82,0.0514660290224596,82,75.5525,85,0.350005864180363,54,93.3899991764147,87,96.9696519152016,70,90.9007483822121,90,50.0872207183184,54,1.06949405098427,0.334229652591334,61,0.990370165027685,58,0.120738755515968,47,0.17874961550807,65,0.50950883622146,65,1.68074758359176,52,1.02151053101031,54,0.118389960544762,36,0.00467206091926345,36,1.04348376496497,54,0.178753054221675,65,0.570258154723196,45,0.439194406433875,38,0.0724710220585481,55,0.210307549670914,57,0.1914597164258,53,36.7255779620546,84,0.967033750685177,83,0.966791541276694,83,14.939375,83,13.008125,82,16.870625,86,36.965937240277,83,4.4167,42,1068.2292,50,9.2105,64,1.1368,78,23.875,57,0.2984375,28,0.3484,26,0.0544,32
"L064",37.525,79,13.7685270749535,96,13.359969955405,90,0.0785860850190781,90,80.0825,92,0.479142931225667,67,93.8037626920032,85,96.7157531455539,72,91.0318347093527,89,68.3253480333321,67,1.10121400447989,0.347098872900192,62,0.990593493617681,56,0.180416173312455,61,0.188782885784953,74,0.538039029902605,74,1.96501874443678,64,1.19308203854321,67,0.152903088633419,57,0.0077931181712131,57,1.42344475069442,67,0.189014355813999,73,0.93617157621088,70,0.666360103449544,67,0.0961288508299661,73,0.269569778337338,75,0.239505390836188,71,37.0043564567171,79,0.974579580704568,79,0.974291760484603,79,13.276875,78,11.538125,74,15.015625,80,37.2538933998522,79,3.25,33.5,1446.5625,67,20.2742,86,1.4194,84,27.375,66.5,0.361386138613861,36,0.4451,42,0.0439,25
"L065",38.125,59,12.6185926760929,60,12.491873756539,67,0.0202302952257882,67,69.4325,67,0.0354478731974809,5,97.998081928703,47,99.1986618901269,41,97.1606877393966,52,5.66195368412047,5,1.02979118058493,0.000400082969137808,1,0.999137306484721,9,0.0142147895383106,4,0.0574017878601186,20,0.163608453339547,20,0.580747583591752,5,0.343449222475719,5,0.0415717241914031,3,0.000576069417415362,3,0.117957368419176,5,0.0574034350706463,15,0.236242620558521,6,0.168146086099492,4,0.0264664696679071,6,0.0757069849602135,8,0.0638714996498502,8,37.6747435210412,62,0.990959862176324,59,0.99093383167093,59,10.28875,58,9.27624999999999,56,11.30125,62,37.8965143210047,59,0.0833,4.5,182.8958,3,1.1798,19,0.2572,23,7.875,2,0.14,4,0.2041,5,0.0015,5
"L066",39.425,26,10.7266139888392,8,11.0781184426807,10,-0.0840928696676429,10,53.6525,10,0.449361922984376,65,99.7042509240358,30,97.6161677408074,62,102.926274656075,12,64.1193533309464,65,0.899871580808273,0.310435651802704,58,0.98732640407872,66,0.21639459928905,68,0.140679551388659,54,0.400870300233412,54,1.94825985855083,63,1.15577673495419,65,0.194772304334532,75,0.0126454168452611,75,1.33581986106138,65,0.145404453497841,54,0.984655351877813,74,0.777582371942196,82,0.0883843052647104,67,0.233508336134015,66,0.212536090589911,62,39.0613539870365,26,1.02605570190181,26,1.02587434697881,26,5.62062499999999,28,6.42499999999999,34,4.81624999999999,23,39.2518648662247,26,12.3333,93,1228,58,7.9548,59,0.529,41,23,54,0.978723404255319,82,1.1036,82,0.4485,90
"L067",36.9,89,12.062411499677,42,11.4588718582472,22,-0.0547411522447402,22,59.435,24,0.371345046534283,56,93.6134865904836,86,92.8617835280557,93,94.574505745361,74,53.1009698569178,56,0.945823422426311,0.427583149616941,71,0.984617395460648,71,0.14732703175579,55,0.152358512224124,57,0.43415949921213,57,1.56572883915497,47,1.05179380362904,56,0.140766131020088,48,0.0066050345474549,48,1.10627020535245,56,0.152418396828186,57,0.988707032949749,75,0.553640469620061,55,0.0787253040998145,60,0.218527062892286,60,0.197974831353606,56,36.4964907984919,89,0.95974500975404,89,0.95962913736668,89,16.93875,89,16.17625,91,17.70125,88,36.6952624293823,89,6.25,56,1069.2292,51,10.2308,68,1.1795,82,20.125,41,0.228693181818182,17,0.3312,22,0.0731,41.5
"L068",41.1625,4,10.649870995357,7,11.6144166499839,25,-0.0430300746388711,25,57.651875,22,1.21206722156361,94,101.245384669337,16,103.788198633812,8,99.5063320917246,29,171.836809345676,94,0.913287552962945,1.51448112226887,96,0.946436069146055,97,0.411639559358656,93,0.334509057161577,99,0.953502362811742,99,3.42099255785741,94,1.89207122699832,94,0.218390500169535,85,0.0158981368547665,85,3.57993352803493,94,0.33463899924645,98,0.966690165496959,72,0.763091576435071,79,0.124244737718891,90,0.361532640080211,92,0.348451227628996,94,40.8055730896431,4,1.07153112401761,4,1.0708403295383,4,1.4390625,6,1.178125,5,1.7,9,40.9944659130391,4,12.1667,92,2483.0833,98,0.6327,10,0.1429,8,42,98,7,101,6.1649,101,1.7381,103
"L069",38.025,62,10.8990761239953,12,10.7539031689287,5,-0.109892634628203,5,51.5275000000001,6,0.590065984408619,73,95.6209598803981,73,97.0670724056258,68,93.8783641880848,80,83.9910961597857,73,0.880465307348815,0.378002106917749,64,0.984181203912524,72,0.226640684611648,71,0.202161242496856,77,0.576134833679715,77,2.33498125556321,75,1.32280554252273,73,0.172924219148523,66,0.00996759518937541,66,1.74981450332886,73,0.202373252016361,77,1.12515676741979,83,0.73636862645279,76,0.105121965496248,79,0.293377707079341,81,0.251934129757661,74,37.6875695575447,60,0.989897963821365,62,0.989665300449566,62,11.034375,64,10.990625,69,11.078125,59,37.8584785913423,62,1.25,20,1590.3958,75,29.2209,95,1.5116,87,33.625,82.5,0.511406844106464,62,0.557,59,0.0202,18
"L070",36.65,92,10.5868412518888,6,9.97117315630842,2,-0.175532361644305,2,45.165,2,1.23249247558181,95,91.2964605744632,92,91.2115506517245,96,89.6880060752186,93,174.721483682397,95,0.817387398988537,0.699726328364692,86,0.967706156132172,90,0.498836443623681,97,0.263056520482271,89,0.7495364151021,89,3.73498125556321,97,1.90788650345086,95,0.262669550429277,99,0.0229984309075728,99,3.64003091004995,95,0.263304951555389,89,1.90030819483415,102,0.989604099934678,95,0.134360161063518,94,0.367928364129692,93,0.335571606048473,90,36.3431165241589,91,0.954561780913001,92,0.954216235154105,92,18.733125,92,19.090625,96,18.375625,89,36.4971446663408,91,0.1667,8,2676.25,101,52.1835,102,2.8489,101,44.75,101,0.486413043478261,60,0.5113,56,0.0019,6
"L071",41.125,5,11.1388396617734,18,12.1336986390267,47,-0.00503846932944995,47,62.9525,39,0.715146817662655,81,102.731398352772,10,101.715725807292,17,106.718438293057,2,101.656358456279,81,0.96497696866782,0.989250428226517,91,0.967632744402276,91,0.338778586230348,88,0.194147988943051,75,0.553347650913289,75,2.48427116084502,79,1.4552803170429,81,0.245556576511611,94,0.0200993440893675,94,2.11784080117249,81,0.200564187461729,76,0.974585465465705,73,0.992372907295607,96,0.116439911071671,86,0.312823675681215,85,0.297543649876358,86,40.7324947436642,5,1.06995834678925,5,1.06958117995296,5,1.17625,4,1.62125,9,0.73125,2,40.9381974276255,5,0.8333,14.5,1546.9167,72,0.8056,13,0.1535,12,22.75,53,3.5,99,4.6981,100,0.1149,50
"L072",35.9625,100.5,12.9255875083452,78,11.8862781739873,35,-0.0229330983068282,35,64.821875,44,0.935398874555787,91,89.0759334218612,99,89.5775545237974,100,87.5469321852125,96,132.762725875954,91,0.974311915544212,1.33181210002316,93,0.957996849032709,95,0.336409116697273,87,0.275376009538497,92,0.784877185699425,92,3.17900744214259,90,1.66309654633028,91,0.203486747488707,80,0.0138022854678443,80,2.76589012241571,91,0.275439640291864,92,1.17406064293209,86,0.852025388322242,91,0.130439346330172,93,0.371023940505346,94,0.339944929854811,92,35.5107610830458,100,0.934920495278634,100,0.934488063432137,100,23.0553125,100,21.808125,101,24.3025,100,35.7280411241849,100,12.5833,95,2014.0625,90,1.2551,20,0.898,67,38.375,92,0.388607594936709,44,0.3931,34,0.1273,53
"L073",35.6875,103,13.4166616175414,91,12.2188593912034,51,0.00103645642782912,51,68.776875,60,1.99732409342709,102,86.4759486102102,103,86.9649331854475,103,87.5369345625272,97,282.739241402701,102,0.980659586159059,2.90341639114874,104,0.914710699143281,103,0.817747170454271,103,0.358131222640673,101,1.02066044992296,101,4.09072883915496,102,2.4270148047666,102,0.348386421836108,103,0.0404576996399221,103,5.89040086255627,102,0.361496715492048,101,1.92061544143466,103,1.54520734948592,103,0.200156330224392,103,0.548484803154037,104,0.501231865255342,103,35.2116798312149,103,0.927662988216094,103,0.926810546501431,103,25.5790625,103,22.0625,102,29.095625,104,35.4367300971748,103,4.9167,47.5,1962.3958,88,69.5779,104,4.6494,104,29.375,71.5,0.287286063569682,24,0.4022,35,0.0516,30
"L074",35.575,104,12.8520237933112,72,11.6580614139403,26,-0.039772200282774,26,62.7125,36,2.08723339121831,103,86.3971543182061,104,85.5021596334595,104,86.0672093201693,102,295.437200690752,103,0.932285844430312,2.89794654004492,103,0.906637562182131,104,0.770670408708641,102,0.394488114835106,104,1.12430122744527,104,4.42900744214258,104,2.48091549252636,103,0.312241532272813,102,0.0324982581586914,102,6.15494168105733,103,0.394490401245197,104,1.97439158995964,104,1.25213675427444,102,0.192674087536248,102,0.546539761951201,103,0.513554992079385,104,35.1321664812413,104,0.925166885418964,104,0.924363197846708,104,26.36875,104,25.20625,104,27.53125,103,35.3428807780553,104,13,97,2369.0625,96,37.2358,99,4.0377,103,40.875,96,0.399755501222494,46,0.4285,38,0.1321,58
"L075",36.3625,96,14.3446158376041,102,13.3767363617016,91,0.0796754575998399,91,81.621875,96,0.672666777050867,79,89.6587083280364,97,94.8426523538104,90,87.1192343937684,99,95.6568696437208,79,1.10862775390624,0.58091725960771,78,0.98504159184317,70,0.264875180991731,77,0.23000331675251,84,0.655612492193814,84,2.25574758359176,72,1.41168390615989,79,0.197476832240835,78,0.012999033090625,78,1.99285145091085,79,0.232401068900139,84,0.722305852598745,56,0.757448995624409,78,0.100516383930294,78,0.280898052067322,77,0.25698398022832,76,35.8183035709342,97,0.944143078827435,97,0.943626875401404,97,20.2021875,96,16.23125,92,24.173125,99,36.0743448171989,97,0,2,1398.0625,64,3.6667,42,0.9524,69,22.375,50,0.238666666666667,19,0.3427,25,0,2
"L076",36.1875,98,13.0730681194261,82,12.116949579397,46,-0.00623827648764936,46,67.141875,53,1.27443336683658,96,88.8519186372504,100,90.0543212088573,98,85.9783364547534,103,180.644828016535,96,0.984419832407446,1.84422786132264,101,0.944184541700585,98,0.474212949676039,96,0.322573883456068,97,0.919453614719506,97,3.87900744214259,100,1.93995719463372,96,0.252458949847304,95,0.0212451737860013,95,3.76343391701115,96,0.324205302729601,97,1.13467096632241,84,1.08621846705151,98,0.151435341674989,97,0.425258074436175,97,0.389144520411681,97,35.7171910192653,98,0.940649499374069,98,0.94004993044639,98,21.6609375,98,21.090625,99,22.23125,96,35.9437441823522,98,15.6667,104,2825.6667,103,13.359,72,2,93,46,103,0.469387755102041,57,0.4833,52,0.1645,69
"L077",36.55,93,11.5609239938696,31,10.851109148289,8,-0.102076614032836,8,53.565,9,0.689830572728085,80,92.067953810589,90,91.8757766611276,95,91.3157411218917,88,98.080925710134,80,0.893794914535652,0.623191556939337,81,0.975628079614687,84,0.300655180475343,84,0.18078674443718,68,0.515069869930074,68,2.8349812555632,88,1.42945885528795,80,0.213735604472073,84,0.0152276362063475,84,2.04335261896113,80,0.182471272964259,68,1.45320395034176,94,0.766378474344775,80,0.0891129964817131,70,0.233916872855616,67,0.213261426320427,63,36.1892085393529,93,0.951186899224542,93,0.95099972723472,93,19.14625,93,18.23625,95,20.05625,92,36.3667384687318,93,0,2,2044.6667,92,21.859,88,2.2906,97,39,93,0.43213296398892,51,0.4333,39,0,2
"L078",37.6375,75.5,11.6462914387299,34,11.3435031931685,18,-0.0635304826634712,18,57.641875,21,0.172433870633969,39,96.2428931188173,69,97.7194892125743,60,95.2669597689338,68,25.0085914759199,39,0.936591343245763,0.0994473736489226,30,0.995524199223905,36,0.0639523334475105,30,0.117964009527005,49,0.336214426678649,49,1.19425241640825,39,0.721811833108185,39,0.0890739612419842,22,0.0026447235237795,22,0.521012322414998,39,0.117974092852598,49,0.533022024170312,41,0.36709183548107,27,0.0564921367362164,45,0.160626377721134,47,0.154142584484569,47,37.2614980661978,75,0.979211969109731,75,0.979158474475725,75,12.6521875,76,12.428125,79,12.87625,71,37.4487084255663,75,0.8333,14.5,759.75,38,14.9219,78,1.1562,80,20.75,43,0.267741935483871,22,0.327,20,0.0114,13
"L079",38.75,37,13.9119674137857,99,14.0579485147819,101,0.122819018950509,101,87.1850000000001,100,0.779766166257519,85,97.3011713880362,53,96.2184995743006,78,99.6713289471765,28,110.782598765524,85,1.14873978523358,0.400810363506929,67,0.99012766498163,59,0.3545773999826,90,0.187942124610833,73,0.535484103009465,73,2.60174014144917,83,1.51920071340658,85,0.239929330326216,93,0.0191886945169289,93,2.30797080761506,85,0.191551171956267,74,1.45623111668318,95,0.92739247593957,92,0.106490595485722,84,0.280315573122753,76,0.260515897169792,77,38.2245301119735,40,1.00626484009794,37,1.00605040490322,37,7.66124999999999,37,5.64249999999999,29,9.67999999999999,47,38.47533399294,38,12.4167,94,1630.0625,77,14.4097,76,0.809,57,22.375,50,0.456632653061224,55,0.7924,73,0.2814,84
"L080",36.7375,91,13.0649006428126,80,12.3422291709709,59,0.00976233436454265,59,69.111875,63,1.1782666794325,93,90.5131186939781,96,91.05213727824,97,89.092198213826,94,167.063132780081,93,1.00163979875416,1.71060361468477,98,0.949642430755481,96,0.418890621755821,94,0.313356094021744,94,0.893147128663849,94,3.4790074421426,95,1.86560497772663,93,0.225987996068584,87,0.0170235247890315,87,3.48048193291836,93,0.313471570944077,94,1.24613838815398,89,0.949882356792303,93,0.145465965840682,96,0.414431438199804,96,0.3785273468556,96,36.2622060032726,92,0.954854297212897,91,0.954323629539259,91,18.3346875,91,16.47125,93,20.198125,93,36.4921515276084,92,11.1667,87.5,2195.5833,94,32.9556,96,2.1183,95,39.75,95,0.441666666666667,53,0.4838,53,0.1331,59
"L081",38.2625,55,11.3567484998343,24,11.2939232500843,15,-0.0673352137671323,15,56.646875,17,0.646520188173925,78,95.8877354667786,71,99.4133833372887,36.5,93.3756424168311,86,91.9641667838705,78,0.918324583676963,0.710216892944435,87,0.973881479120385,86,0.250766614201973,74,0.221196948088039,82,0.630466899571972,82,2.04425241640824,66,1.38416767095993,78,0.187615180984087,72,0.0117331520452306,72,1.91592014133063,78,0.222675825317445,82,0.914072253853807,68,0.83348201376297,89,0.112737954567143,85,0.313512008142111,86,0.296471544677647,85,37.9004004903491,52,0.995754719551819,53,0.995481499933474,53,9.90656249999999,55,9.18812499999999,53.5,10.625,54,38.0822412155662,53,7.0833,65.5,1427.0625,66,24.8616,91,1.1072,75,26.125,63,0.483796296296296,59,0.5962,61,0.1291,56
"L082",36.5125,94,14.9560462928067,104,14.0195953254535,100,0.120446077934977,100,89.461875,104,0.832575399732239,87,89.497559289427,98,96.1191062447446,79,86.6037752224,100,118.240887431644,87,1.16495497992202,0.312125481006619,59,0.992361553303278,50,0.349318334621855,89,0.237404599730007,85,0.676663544707303,85,2.65574758359176,85,1.56950687207562,87,0.234083152988705,92,0.0182649741710445,92,2.46335182149259,87,0.240946711973884,86,1.00815003030697,76,1.00329410827997,97,0.127456344077393,92,0.349718017564091,90,0.316529901461294,89,35.9267602610233,94,0.947547663525602,94,0.94691933390023,94,19.2259375,94,14.55625,88,23.895625,97,36.1996609542905,94,4.6667,44,1692.8958,81,16.122,81,2.3415,100,28.625,69,0.297402597402597,27,0.3761,30.5,0.0493,29
"L083",37.6375,75.5,12.3812758084428,51,12.0593789368444,41,-0.0103749938759285,41,65.146875,45,0.0509111338796924,6,96.6964970557169,61,97.668387555571,61,95.9220307977721,61,7.84584188508515,6,0.996687152109323,0.0518191451493891,16,0.997501996958991,17,0.0301836699645066,12,0.0459435706898155,14,0.130957740108825,14,0.688278602987619,7,0.404295732444218,6,0.0783815294159049,15,0.00204788805119212,15,0.163455039272607,6,0.0495200506391933,8,0.209234689033775,4,0.259838755319723,10,0.0274755488194549,7,0.0723067783913928,7,0.0605390523719368,5,37.2087820983488,76,0.978552218080586,76,0.978522866416762,76,12.5946875,75,12.28625,78,12.903125,72,37.4199847238077,76,6.8333,62,321.6667,10,2.3093,34,0.4514,37,13,12.5,0.175084175084175,7,0.2131,7,0.0938,47
"L084",38.4375,49,11.9520933257238,40,11.9546572768956,38,-0.0179506178898922,38,63.316875,40,0.140317740151664,34,98.3464689201757,42,98.909198797866,44,98.70595376801,38,20.4728056631883,34,0.980689273294564,0.171511883205726,44,0.99364904588273,44,0.0948239542760309,40,0.0344685993744007,8,0.0982304377364118,8,1.08827860298762,30,0.65308252514499,34,0.146955908261873,53,0.00719867965769072,53,0.426516784649757,34,0.0504566941442138,9,0.355112367609577,20,0.410569264921742,36,0.0350634078331291,22,0.0853341604671202,16,0.0713044103194848,12,38.0227628917675,49,0.999576460201552,49,0.999523544762565,49,8.8940625,49,9.2425,55,8.545625,38,38.2308673507494,49,9.9167,82,743.2292,37,4.9819,47,0.4796,39,19.125,37,0.369565217391304,37,0.4746,50,0.1993,72
"L085",37.1375,85,13.2341628549717,86,12.6742523394818,74,0.0328198210881194,74,72.466875,77,0.0642721989415262,12,94.6142149314162,83,95.8853778213122,84,93.7080010542957,81,9.73283538151028,12,1.05233556226156,-0.0177544401895404,8,0.999674473044657,3,0.0280778390059236,10,0.0645148575687587,25,0.183849229129716,25,0.715018744436779,9,0.450297017291327,12,0.0637698190417884,10,0.00135552994020748,10,0.202767403781465,12,0.0649331676665036,24,0.397162130202973,29,0.276362941163265,13,0.0360294629715448,24,0.0984952765989892,26,0.0847837984519643,24,36.6673791025102,86,0.965004145977214,85,0.964922171331873,85,15.1978125,85,13.555625,84,16.84,85,36.8933255688404,85,1.9167,24,248.1667,4,7.8688,57,1.0922,74,10,3,0.116959064327485,2,0.1561,3,0.0219,19
"L086",38.3625,51,12.8177528104511,69,12.7889243065097,79,0.0406431559186078,79,72.536875,78,0.162837969050116,36,98.0604423033257,45,98.3670003059022,50.5,97.8268098392979,46,23.6533549137696,36,1.0506539556384,0.132915673768218,37,0.995520483214947,37,0.0890668123597568,37,0.0776282994124337,33,0.221236456846971,33,1.12099255785741,33,0.701981643186061,36,0.132591931860839,42,0.00586020679819649,42,0.492778227370203,36,0.083150473797548,33,0.476966768059131,35,0.490289271776728,46,0.0527531307184034,43,0.138200330834923,43,0.131066593172659,39,37.9077643440991,51,0.997049604390155,51,0.99699572854843,51,9.2103125,51,7.578125,41.5,10.8425,57,38.1298616630255,51,10.5833,84,720.4167,36,8.1807,60,0.5828,46,19.75,39,0.391089108910891,45,0.4525,43,0.206,73
"L087",37.1375,84,12.2950278237838,49,11.7748502015029,29,-0.0311140963661746,29,62.546875,35,0.015690800287752,2,96.0635988334533,70,96.0538680877808,81,95.8898149587327,62,2.87164707933113,2,0.977606663973816,-0.0160384267139854,7,0.999567972850203,5,0.0136368602142365,3,0.00958256138780499,1,0.0273085543986172,1,0.482531019395871,2,0.24459350117981,2,0.056130657137646,6,0.00105021689023466,6,0.0598259808193978,2,0.0171349587944933,1,0.127163896869705,2,0.146296883309772,2,0.0116823656172394,1,0.027704400449203,1,0.0287657355412053,2,36.7256526767729,83,0.965724278865422,84,0.965717594655674,84,15.1896875,84,14.978125,89,15.40125,81,36.9273153131032,84,3.8333,38,171.5625,2,21.5276,87,1.7931,91,10.625,5,0.124633431085044,3,0.1306,1,0.0441,26
"L088",35.9625,100.5,13.4052224963912,90,12.3273470914513,57,0.00871437055197094,57,69.721875,68,1.61519372502677,101,87.5823533285323,102,88.4321342833849,101,85.7817069640427,104,228.770675527087,101,0.996476191936373,2.35307232146368,102,0.931653538512995,102,0.574208386790606,101,0.36580859328733,102,1.04264580680502,102,4.07900744214259,101,2.18312980377889,101,0.264547776255404,100,0.0233285086405597,100,4.76605574014765,101,0.36590151299753,102,1.4770958136551,96,1.10437056065557,99,0.170035644173986,101,0.484724471664998,101,0.4452790946495,101,35.4750509755785,101,0.934653738761377,101,0.933891412031073,101,23.4328125,101,21.22,100,25.645625,102,35.707652651233,101,13.0833,98,2583.0625,100,37.7805,100,3.2683,102,43.625,100,0.439546599496222,52,0.4645,49,0.1381,62
"L089",38.5375,45,11.6313787881613,32,11.6721039514014,27,-0.0387265845021286,27,60.276875,27,0.407159140952375,63,97.2954395876419,54,100.103778859468,30,95.1365551141335,71,58.1590219608885,63,0.951452697533655,0.499185198903225,75,0.982456469427668,79,0.168405671103569,60,0.170186901957834,61,0.485084204029502,61,1.62099255785742,48,1.10074805966299,63,0.160849035194757,63,0.0086241373743614,63,1.21164629085185,63,0.17242398923497,62,0.6788087705903,52,0.687270231565891,69,0.0884886341053539,68,0.243831317838961,69,0.2331030060156,69,38.1539326094312,43,1.00259229489477,43,1.00241522762044,44,8.6503125,46,7.735625,44,9.565,46,38.3463615129109,43,8.9167,75,1200.4167,55,15.121,79,0.8351,60,21,44.5,0.497041420118343,61,0.6435,63,0.1912,71
"L090",37.6125,77,13.1335794638031,85,12.7813958808894,77,0.0401316951664844,77,73.206875,81,1.04064643821357,92,92.9256087898865,89,95.0212565862549,89,89.7376322268432,92,147.626920251008,92,1.03603400260528,1.46576078414694,95,0.959148367283068,94,0.376070291424986,91,0.300581253100599,93,0.856793394730907,93,3.37900744214259,93,1.75372769795162,92,0.220959648267835,86,0.0162743887208818,86,3.07556083856268,92,0.301828454502317,93,0.889520526085883,67,0.826394761694308,88,0.119212158407727,88,0.339469257950543,88,0.307572244945003,87,37.1165851043883,77,0.977353157643067,77,0.976864964784242,77,13.3053125,79,12.278125,77,14.3325,77,37.358571038373,77,14.6667,101.5,2555.0625,99,49.7333,101,2.2933,98,43.375,99,0.642592592592593,69,0.6485,64,0.2173,77
"L091",36.8,90,12.9049863850367,75,12.2173542580604,50,0.000929456050643127,50,67.66,56,0.0980108882784695,21,93.8125720847854,84,95.8817970118999,85,94.5200716899677,76,14.4977764294047,21,1.01483647413649,0.114269293390572,34,0.99574878231832,34,0.0614412964870663,29,0.0445808816736214,13,0.127039417369036,13,0.867468980604139,20,0.549578937866005,21,0.114856159932853,35,0.00439731249150701,35,0.302037008945926,21,0.052385989056138,10,0.359317203980265,21,0.373184092402695,28,0.0357867648786926,23,0.0903423591409079,19,0.0822999297116544,20,36.3562101907486,90,0.956556861602896,90,0.956479666735439,90,17.263125,90,15.143125,90,19.383125,91,36.5699352052206,90,3.75,37,574.3958,28,2.2523,32,0.6972,53,16.125,25,0.177197802197802,9,0.2271,12,0.041,24
"L092",37.1,87,13.9542658007877,100,13.346852677657,89,0.0777328555833032,89,80.405,93,0.39567389052055,61,93.2450156037055,88,95.0632197252228,88,94.5603762933496,75,56.5369512075938,61,1.10555609357551,0.194936983644867,45,0.994416108838353,42,0.242552478564981,72,0.0807593416110113,34,0.230103971775156,34,1.76746898060413,58,1.08528943151502,61,0.228753371123904,88,0.0174427016001835,88,1.1778531501582,61,0.097549367085187,43,0.744924080361434,57,0.714377021210562,74,0.0653157126746514,51,0.16160873465405,48,0.148183004197851,43,36.5961844354052,88,0.96360005921309,88,0.963391201114215,88,15.490625,87,12.05,76,18.93125,90,36.8332841108233,88,14,100,1297.3958,60,33.0294,97,2.1699,96,27.375,66.5,0.302486187845304,29,0.3632,27,0.163,68
"L093",39.7625,21,11.2828545064861,22,11.7786817473875,30,-0.0308315027826531,30,60.381875,28,0.1223669505133,28,101.311601233182,15,102.034985623942,15,101.810661782718,18,17.9376018342625,28,0.958659909605564,0.101401817647461,31,0.995662565349985,35,0.0484804502455949,23,0.101284906376685,45,0.288708303754287,45,0.944252416408248,26,0.611310099878781,28,0.0831071639995933,16,0.0023022669026851,16,0.373700038213805,28,0.102146232930566,45,0.307947318948342,13,0.302739069337211,18,0.0410681023521184,31,0.115608431955159,34,0.116257733257426,35,39.3756491831314,21,1.03443061063329,21,1.03433301128802,21,4.1884375,20,4.270625,21,4.10624999999999,20,39.5754486860252,21,0.1667,8,484.6667,24,0.0272,1,0.0302,1,13.5,15.5,0.6,68,0.8569,74,0.0075,11
"L094",40.4875,15,11.2988840673533,23,12.0676223094004,42,-0.00978145946755166,42,62.7818750000001,38,0.144088134492052,35,103.043076015949,9,103.201055221138,11,105.106955629216,4,21.0053013561849,35,0.976515320845328,0.171216138384354,43,0.99360434714111,45,0.0742770394921568,33,0.0830681268125983,37,0.236760674191026,37,1.10927116084502,31,0.661521311010097,35,0.118421354974245,37,0.00467453910464535,37,0.437610444920517,35,0.087028324787139,36,0.412108954227486,31,0.452318383600268,40,0.0511067626612005,41,0.136172803263303,42,0.135478156046185,41,40.0878346673316,15,1.05315694006188,15,1.05304269420189,15,2.32781249999999,14,2.49999999999999,16,2.155625,12,40.2959702329993,15,1.0833,19,623.2292,31,0.5556,7,0.1357,7,15.625,23.5,1.15740740740741,88,1.6792,88,0.0841,43
"L095",38.1625,57,11.920719142514,39,11.8156667340363,33,-0.0281084119062937,33,62.086875,32,0.187970450685302,41,97.3199726629007,52,99.4133833372887,36.5,95.7832894579046,63,27.2028346277849,41,0.970216368436578,0.224798969475502,48,0.99180669440177,52,0.0844567822711346,36,0.1091026865825,48,0.310968575163671,48,1.16172139701238,37,0.752811876508458,41,0.118471889404634,38,0.00467852952636798,38,0.566725721412186,41,0.111426392709337,48,0.482330183813684,36,0.494535776223219,47,0.0607700090292151,48,0.165416713049001,49,0.15996288791209,48,37.7641255328726,57,0.992595750641672,58,0.992520672319495,58,10.1921875,57,9.18812499999999,53.5,11.19625,61,37.9622814309416,58,6.5833,58.5,788.7292,41,12.4688,71,0.8125,59,19.375,38,0.358796296296296,35,0.4267,37,0.1155,51
"L096",38.4875,47.5,12.5441642193663,58,12.5674667408811,69,0.0254706111955412,69,69.926875,70,0.111926857420569,24,98.6178106881027,37,97.9470608997137,56,98.8048242561112,36,16.4631394559356,24,1.03184990312877,0.108761673716538,32,0.996044122535233,31,0.053880526569143,26,0.069423718330195,28,0.19778840826066,28,1.11501874443679,32,0.58564671261662,24,0.0945047747852772,28,0.00297705081907199,28,0.342982071998654,24,0.0710403327982238,27,0.573132310633456,46,0.321801028592368,21,0.0336895046864007,17,0.0857221024550698,17,0.0810403510990864,19,38.0408835933985,47,1.00043447550036,47,1.00039324958912,47,8.61093749999999,45,8.17062499999999,48,9.05124999999999,43,38.2614826625582,47,0.75,13,455.0625,20,5.0503,48,0.5459,43,17.625,31,0.371052631578947,38,0.3761,30.5,0.0153,14
"L097",38.5375,44,11.0930911449886,17,11.1319315916755,13,-0.0798838202761741,13,54.826875,14,0.557928481038789,70,96.755266350426,60,99.5438596512164,33,94.9735171629546,72,79.4522918377084,70,0.906406126214985,0.511558936504924,76,0.980261200833115,81,0.199064513325763,65,0.217168347928601,80,0.618993584673402,80,2.09425241640825,69,1.28656755747697,70,0.156108709061114,58,0.0081233096815758,58,1.65525607995226,70,0.217334342959785,80,0.83099849142711,64,0.665046180383708,65,0.100430081418106,77,0.285660398626177,80,0.271170494322463,79,38.1849722327835,42,1.00303492427946,42,1.0027831039974,42,8.6703125,47,8.530625,51,8.80999999999999,39,38.3641921035334,42,4.3333,40.5,1312.2292,62,15.2193,80,0.7895,56,22.375,50,0.463730569948187,56,0.6536,65,0.0903,46
"L098",38.9375,33,12.4266452054118,52,12.6338083669633,73,0.0300436922891434,73,70.236875,71,0.0662067229688811,14,100.286388012856,22,100.345724511052,28,100.022533249982,26,10.0060496979891,14,1.03524751925422,0.0340437401755991,13,0.998189180798366,13,0.0367470578083693,16,0.0516748583210386,17,0.14726406693285,17,0.726740141449163,12,0.456573508548301,14,0.0841042695705886,17,0.00235784272000074,17,0.208459368708106,14,0.0548264390073185,14,0.331934588359609,16,0.318830710397628,20,0.0347414655869932,20,0.0911678051223614,21,0.08987715287464,26,38.494241961886,32,1.012169291541,33,1.01215264542006,32,6.90968749999999,33,5.80812499999999,30,8.01124999999999,36,38.7145065105449,32,7.3333,69.5,350.25,12,1.1589,18,0.237,19,13.25,14,0.386861313868613,42,0.4582,46,0.2073,75
"L099",37.575,78,13.3662452162559,88,12.9914493772727,83,0.0542903328243886,83,75.6724999999999,86,0.177598429326362,40,95.4958275576427,75,95.1936960391504,87,95.5276603308589,67,25.7379860727841,40,1.07428850150761,0.0580439656018271,18,0.99768493530983,16,0.0762904850949475,34,0.0947323800049777,42,0.269893166453774,42,1.26501874443678,40,0.732262277591168,40,0.104826016166051,30,0.00366283122174839,30,0.536208043183005,40,0.0950200233823821,41,0.765890272144751,59,0.338156020862255,25,0.0405375184977756,28,0.106640400631074,30,0.0995816570474167,30,37.0950973051726,78,0.976250906242964,78,0.976153678711398,78,12.8175,77,11.3125,72,14.3225,76,37.3254184980646,78,5.5,52,670.2292,34,17.3025,84,1.1261,77,19,35.5,0.25503355704698,21,0.2966,18,0.0731,41.5
"L100",37.8375,70.5,12.3318898765099,50,12.0919239210664,43,-0.00803406581922169,43,65.316875,46,0.0604791337186712,8,97.2685962676914,55,96.6410115004549,74,97.7639082906892,48,9.19713786234426,8,0.997771337574329,0.066091657952883,23,0.997071474753386,23,0.0363853668168595,15,0.04117228070857,11,0.117315617363202,11,0.709271160845031,8,0.437729412764139,8,0.0859488858901481,18,0.00246240366191923,18,0.191607038798838,8,0.0455385390203314,7,0.331245439965529,15,0.297747995933646,16,0.0297632355959605,9,0.0758200056328394,9,0.0704175923654572,11,37.4144144471582,69,0.983807052555251,69,0.983781388847428,69,11.5246875,69,11.40625,73,11.643125,65,37.6228698082427,69,2.1667,26.5,280.7292,6,6.5407,52,0.6983,54,10.375,4,0.16023166023166,6,0.213,6,0.0318,21
